Brastings <- c(
    41.36843,    71.45966,    79.43427,    87.46955,   144.62420,
   171.47885,   189.45050,   198.64118,   199.45685,   222.46753,
   222.47951,   237.61400,   238.52185,   245.44736,   248.48319,
   265.53598,   271.57427,   274.51932,   274.61508,   274.61835,
   287.48544,   290.44525,   301.43477,   303.42495,   311.48115,
   318.45917,   322.46664,   328.19753,   333.44148,   333.64331,
   340.51738,   343.44704,   343.48354,   343.49975,   352.62577,
   360.28650,   380.73139,   388.43314,   388.59979,   393.48754,
   393.48860,   398.53648,   401.52945,   410.45381,   410.47310,
   410.47742,   413.42955,   419.46821,   434.71900,   434.72959,
   435.45521,   441.51369,   449.68691,   450.43558,   465.44581,
   468.45983,   490.63118,   497.47593,   510.46026,   510.46681,
   516.45746,   523.44102,   524.46646,   536.46800,   560.48834,
   588.68772,   591.45147,   598.55011,   600.45765,   602.45727,
   603.53305,   607.60307,   618.46405,   618.53533,   627.50926,
   630.53754,   633.51742,   639.41783,   639.42479,   642.48947,
   652.50432,   661.45824,   662.47511,   664.66415,   670.60047,
   679.46751,   695.44704,   731.43730,   737.69442,   775.47148,
   779.47328,   783.41095,   794.38007,   801.43176,   802.44617,
   805.47690,   819.47563,   825.40708,   840.45242,   879.47794,
   892.59787,   931.45274,   953.43078,   972.47124,   986.49225,
   998.46219,   998.47273,  1001.45516,  1002.45746,  1012.42027,
  1012.46293,  1027.42854,  1038.51555,  1047.41457,  1057.41563,
  1058.40723,  1061.48864,  1080.45656,  1081.39612,  1085.56393,
  1092.40171,  1137.33430,  1140.44033,  1183.46313,  1197.38677,
  1198.49873,  1221.45331,  1221.49308,  1226.40052,  1227.43361,
  1233.52836,  1235.57538,  1253.45453,  1274.51608,  1282.46876,
  1282.58787,  1283.50034,  1298.42403,  1301.51797,  1318.48174,
  1318.48669,  1321.58955,  1332.44617,  1333.35470,  1338.54773,
  1355.44042,  1355.56130,  1364.46244,  1366.31643,  1372.46874,
  1397.39158,  1399.63681,  1403.45903,  1408.47135,  1428.35427,
  1438.48467,  1438.68642,  1438.94870,  1445.66555,  1453.45557,
  1463.48087,  1464.45884,  1468.44766,  1480.47031,  1492.45192,
  1492.49289,  1506.83587,  1519.39160,  1519.40726,  1537.75016,
  1538.79003,  1581.60308,  1588.49570,  1591.47805,  1612.41591,
  1621.46310 , 1629.53837,  1629.54285,  1631.43712,  1667.50739,
  1718.72939,  1725.35160,  1725.38539,  1738.46266,  1744.44333,
  1744.45341,  1744.46866,  1769.46835,  1823.47771,  1823.52975,
  1827.66187,  1828.36623,  1850.47451,  1863.66026,  1868.69169,
  1905.71294,  1905.74833,  1911.70998,  1922.49380,  1926.56150,
  1964.57807,  1985.50251,  1985.59799,  1991.45580,  2013.50795,
  2017.64797,  2068.73643,  2079.01294,  2097.44024,  2097.46010,
  2110.41209,  2121.46643,  2121.50453,  2122.46859,  2132.54295,
  2133.40546,  2133.45357,  2154.38987,  2173.39873,  2173.41103,
  2173.50968,  2175.72038,  2186.36597,  2186.40085,  2187.35687,
  2212.31939,  2221.49250,  2227.38625,  2255.36331,  2255.41000,
  2255.43283,  2262.68755,  2263.41482,  2270.50631,  2271.34972,
  2271.64193,  2297.45314,  2300.41749,  2310.41776,  2311.48679,
  2316.66107,  2317.46108,  2324.67149,  2325.47409,  2338.40353,
  2339.46686,  2357.40760,  2361.70823,  2362.40268,  2368.62288,
  2369.37425,  2377.42723,  2377.43422,  2377.54753,  2386.52314,
  2393.49176,  2415.49833,  2418.59200,  2425.50942,  2432.37175,
  2432.50553,  2432.64224,  2444.49835,  2445.47352,  2473.39619,
  2482.52457,  2482.71567,  2494.48310,  2501.47666,  2503.39462,
  2503.44020,  2512.67891,  2523.31711,  2524.45200,  2528.45079,
  2535.47282,  2536.50346,  2540.45195,  2544.45913,  2555.47154,
  2558.53812,  2572.50328,  2585.30685,  2592.49059,  2592.50325,
  2608.43149,  2609.46356,  2621.46177,  2624.43293,  2628.48749,
  2630.38562,  2636.70038,  2644.46718,  2646.45217,  2648.45198,
  2653.47863,  2653.49199,  2667.48392,  2674.61532,  2677.34497,
  2679.46216,  2684.68796,  2691.58180,  2691.70922,  2692.45485,
  2695.51280,  2702.51242,  2705.70005,  2713.42005,  2716.68761,
  2718.51071,  2719.43889,  2723.55333,  2730.77275,  2731.50958,
  2734.35900,  2737.57339,  2746.68705,  2748.48300,  2749.50009,
  2752.67023,  2761.42255,  2765.67009,  2780.69332,  2789.46660,
  2794.53126,  2795.40222,  2800.40498,  2800.53965,  2802.66745,
  2810.69535,  2813.70724,  2815.46600,  2820.69380,  2823.49817,
  2833.50606,  2834.50875,  2835.46113,  2835.47984,  2842.75073,
  2843.33734,  2851.74350,  2852.43365,  2855.49689,  2857.32419,
  2859.61126,  2861.54193,  2869.65712,  2870.66614,  2875.75023,
  2881.55208,  2887.35710,  2887.41520,  2889.77404,  2901.47033,
  2904.46095,  2912.70480,  2919.33795,  2928.70927,  2937.45569,
  2938.57991,  2939.68565,  2942.48353,  2950.52230,  2950.54521,
  2960.36878,  2973.50218,  2973.51054,  2977.49736,  2978.42353,
  2983.51049,  2988.79174,  2994.54387,  3006.45708,  3017.46245,
  3018.55861,  3020.48565,  3026.41470,  3027.51139,  3038.74976,
  3048.44994,  3054.48396,  3064.72917,  3068.72981,  3070.40720,
  3072.68489,  3073.50610,  3076.46531,  3076.49344,  3078.64742,
  3079.65187,  3080.51036,  3081.66601,  3083.51568,  3083.52201,
  3083.56312,  3091.38410,  3091.39593,  3095.52041,  3100.27850,
  3100.47072,  3102.68570,  3106.50986,  3108.49556,  3108.55206,
  3111.45653,  3118.48236,  3120.69336,  3121.68768,  3126.63598,
  3129.69600,  3131.37799,  3156.40361,  3162.46441,  3165.72898,
  3167.47484,  3175.51053,  3177.49875,  3179.47940,  3179.51063,
  3182.50955,  3187.45136,  3189.48000,  3192.43824,  3192.46782,
  3193.66715,  3194.35543,  3203.34639,  3205.53550,  3213.40636,
  3215.51756,  3221.62489,  3234.49698,  3234.51186,  3244.50352,
  3250.64870,  3254.48725,  3258.40077,  3278.50801,  3281.51240,
  3285.42709,  3285.67064,  3289.72902,  3292.50710,  3292.74626,
  3293.41618,  3305.46661,  3306.44400,  3307.45765,  3333.59375,
  3334.75031,  3340.75099,  3342.49266,  3346.41696,  3346.75059,
  3351.52803,  3389.57686,  3430.67577,  3459.45693,  3461.52104,
  3471.72491,  3482.46690,  3496.48686,  3524.44879,  3534.37241,
  3543.44248,  3564.68072,  3579.47080,  3580.48652,  3585.33181,
  3590.67007,  3611.50552,  3615.46924,  3618.37266,  3634.57128,
  3634.63009,  3639.45742,  3640.46916,  3655.64587,  3669.60659,
  3680.47202,  3688.83921,  3704.66278,  3709.65512,  3711.46398,
  3717.37607,  3730.41891,  3731.64585,  3740.76243,  3748.70954,
  3748.72535,  3754.70893,  3764.74991,  3768.46927,  3773.52034,
  3783.70378,  3791.81694,  3792.63916,  3800.33677,  3812.59455,
  3814.53805,  3823.70851,  3829.46723,  3838.46422,  3856.66701,
  3857.48177,  3871.62829,  3874.42530,  3886.69430,  3891.46219,
  3922.71791,  3922.74849,  3927.67393,  3937.47026,  3953.50665,
  3957.37595,  3957.42754,  3957.45854,  3983.47857,  3986.77122,
  3991.76987,  3996.72844,  4003.50709,  4003.72904,  4003.75909,
  4010.77124,  4018.70833,  4019.71093,  4020.50690,  4020.66661,
  4020.70648,  4020.71395,  4024.70837,  4028.59456,  4031.71855,
  4032.72321,  4032.72923,  4033.74754,  4038.50721,  4049.49877,
  4053.50696,  4053.67229,  4055.70908,  4059.50689,  4065.80541,
  4069.43969,  4083.74811,  4089.74700,  4098.50004,  4102.67323,
  4104.71653,  4109.70194,  4110.40475,  4111.59832,  4122.49362,
  4135.68862,  4139.74172,  4149.70925,  4149.71591,  4151.49236,
  4153.70800,  4160.69165,  4186.63717,  4191.68954,  4192.71212,
  4200.54173,  4205.69174,  4206.69540,  4207.71345,  4212.71354,
  4217.46810,  4224.60763,  4238.48641,  4242.71478,  4246.70853,
  4250.48177,  4260.04513,  4261.53314,  4261.55494,  4261.71118,
  4263.29795,  4269.37818,  4270.49013,  4276.49340,  4278.49957,
  4280.65517,  4289.74722,  4293.42565,  4295.71650,  4298.71064,
  4301.40630,  4304.74439,  4325.70250,  4329.36183,  4342.77725,
