PoissonData <- c(
    4.9068,    5.4022,    6.2861,   11.9365,   12.5048,   14.1628,   16.1451,   21.3025,
   23.6521,   24.2680,   26.8681,   30.5864,   33.2480,   38.6919,   39.8550,   42.1256,
   51.8083,   53.1065,   56.5536,   57.3039,   58.2353,   59.6740,   61.0189,   61.9469,
   62.7284,   63.9664,   65.7618,   68.8829,   77.2919,   82.8035,   83.7230,   89.2469,
   93.1586,   98.4208,  100.1812,  102.9409,  103.1283,  103.9130,  104.9772,  106.0634,
  106.8048,  107.2116,  107.5244,  110.7069,  112.4402,  113.1362,  115.9986,  118.0726,
  119.3402,  122.8552,  125.1347,  126.3746,  127.4334,  128.5867,  130.6360,  131.1215,
  132.5323,  139.8629,  140.7134,  147.0610,  147.5087,  148.7885,  153.0581,  153.4911,
  153.7293,  153.7464,  154.9894,  155.3375,  156.2104,  160.3467,  160.4678,  160.9549,
  162.5496,  167.1728,  168.1612,  168.1969,  168.2702,  172.0562,  172.2942,  175.2662,
  177.2403,  181.9336,  187.3735,  187.5819,  187.9958,  188.1875,  188.2833,  190.0937,
  192.4463,  192.4769,  193.2152,  193.6327,  193.9867,  197.7417,  198.6332,  201.4008,
  201.5206,  203.4055,  203.6951,  207.2621,  210.6922,  211.6687,  212.2610,  213.9403,
  216.8493,  216.8613,  217.0309,  220.4072,  220.7486,  220.8906,  221.5096,  224.3626,
  227.4378,  229.0139,  231.1747,  231.6176,  233.2479,  235.3698,  235.7881,  235.8222,
  244.4746,  247.8430,  255.4106,  255.6974,  258.8071,  261.9207,  269.9805,  270.6599,
  272.0024,  277.9663,  281.0730,  281.4226,  285.2256,  289.9937,  290.8367,  291.0369,
  293.2595,  293.3013,  294.6428,  295.9731,  298.8369,  300.7310,  301.8904,  302.2544,
  302.3254,  302.9807,  304.1584,  306.3054,  308.7996,  310.3789,  311.5156,  313.9167,
  314.0955,  315.8655,  322.8994,  323.0535,  324.4336,  326.1760,  326.8013,  327.6492,
  327.8113,  330.5930,  333.7988,  334.0911,  340.5193,  341.8369,  342.0984,  343.6699,
  344.1450,  345.2668,  345.8967,  346.5225,  347.0872,  348.2795,  348.8584,  352.4922,
  356.3931,  357.9783,  358.1169,  363.0378,  363.8140,  366.7183,  367.7095,  367.8076,
  368.4429,  374.2769,  375.3728,  375.9578,  376.4893,  379.3975,  381.6990,  382.3179,
  385.3000,  387.8459,  389.2747,  390.2598,  391.2139,  400.5933,  401.1099,  402.7686,
  403.9448,  405.7139,  406.1646,  407.1284,  407.5334,  407.7109,  408.5713,  416.3350,
  416.3884,  419.4136,  423.6160,  423.6162,  427.5708,  428.3330,  429.2280,  430.5845,
  432.1519,  432.3345,  432.4226,  434.9907,  436.5686,  439.0161,  440.8223,  442.7920,
  443.4404,  446.0017,  448.9500,  451.4211,  453.4719,  458.7612,  458.9048,  460.7214,
  462.2600,  462.9041,  463.0227,  463.9668,  464.2156,  467.2039,  467.8865,  468.1494,
  472.9609,  473.0732,  474.3582,  474.4375,  477.4976,  479.2710,  484.6411,  485.9932,
  486.2410,  488.0210,  489.5164,  492.2664,  498.1863,  502.4224,  502.5359,  504.9023,
  506.3843,  509.2947,  511.8271,  512.0686,  512.4609,  513.0808,  513.5876,  514.5110,
  515.1538,  523.3098,  523.6902,  524.3467,  525.5388,  527.1106,  529.3337,  534.1667,
  541.2004,  542.8188,  546.6743,  550.0781,  555.4966,  555.8989,  561.0984,  563.5669,
  566.7622,  568.2590,  570.7166,  571.0044,  575.1975,  575.3809,  580.8088,  581.0308,
  583.4849,  584.3218,  585.8384,  589.8801,  590.0354,  597.6729,  597.7859,  600.9485,
  602.0884,  602.2002,  603.4189,  605.5566,  607.6396,  613.8154,  613.9773,  614.9221,
  619.3130,  620.3608,  624.0303,  624.2915,  629.0381,  632.1157,  632.2249,  634.3857,
  638.6084,  639.1667,  640.6289,  641.4822,  642.4795,  642.7024,  647.4402,  649.4211,
  650.9946,  651.9067,  652.6025,  654.1953,  659.4326,  659.7996,  660.2607,  662.8262,
  664.2466,  670.2400,  671.2812,  671.6162,  673.5425,  674.9746,  680.3972,  683.7627,
  688.5999,  691.3638,  698.0247,  698.9141,  700.1968,  700.2937,  703.5969,  705.4998,
  707.9329,  712.3464,  713.5046,  715.3218,  718.8489,  722.8477,  723.9055,  724.3240,
  729.5015,  730.0293,  738.5540,  738.9319,  739.1716,  739.2371,  740.2886,  742.2249,
  753.4043,  755.7722,  763.5452,  765.3159,  766.0125,  766.7422,  769.0076,  769.0581,
  769.4631,  770.8333,  774.6201,  776.2793,  779.7187,  781.0742,  781.7300,  784.4211,
  785.1804,  788.5432,  789.5654,  791.2998,  792.3748,  793.8472,  795.5435,  798.8186,
  800.6655,  801.0481,  801.0750,  802.7917,  803.7114,  803.9646,  806.3413,  808.9951,
  809.5220,  813.0320,  814.3137,  817.9868,  818.0029,  823.3826,  825.0830,  825.3511,
  827.1548,  828.8992,  832.9458,  833.9617,  838.0439,  839.1646,  839.3796,  840.5708,
  841.7832,  842.7261,  846.8813,  850.0056,  858.7122,  859.3196,  861.7346,  864.2710,
  865.7949,  869.9956,  871.8418,  874.5220,  875.0088,  875.3562,  877.4109,  879.3259,
  880.7466,  882.3855,  882.6055,  884.6506,  885.8091,  887.3511,  891.4255,  891.5835,
  891.9778,  892.6685,  894.3442,  894.4609,  895.0898,  897.0708,  900.4905,  901.4185,
  903.1379,  903.2498,  903.5969,  904.7083,  906.3657,  908.7646,  909.6672,  911.5042,
  916.7593,  917.5286,  918.5496,  918.6882,  921.3789,  923.7480,  926.0557,  930.1167,
  930.5933,  931.4548,  935.1033,  942.1367,  942.7786,  943.9431,  946.1948,  949.8208,
  950.0625,  952.3127,  953.1162,  959.5342,  959.6147,  961.1504,  961.7053,  968.1187,
  976.1396,  978.3608,  979.0825,  979.2830,  980.5728,  981.0908,  983.0435,  984.1204,
  986.9202,  990.9370,  995.5166,  997.7092,  997.7495,  999.1748,  999.9031, 1003.2803,
 1006.4558, 1009.3484, 1010.7158, 1012.9207, 1015.1086, 1017.2034, 1018.0320, 1020.3137,
 1023.8296, 1024.1384, 1024.2415, 1025.1021, 1036.0784, 1038.6719, 1040.7617, 1041.7170,
 1044.4846, 1048.2090, 1048.5442, 1049.4949, 1050.1196, 1055.4854, 1056.1604, 1060.1309,
 1061.3704, 1064.8452, 1066.3127, 1069.1082, 1070.5718, 1070.7646, 1075.3772, 1077.3303,
 1079.4180, 1081.2874, 1081.7935, 1082.1423, 1082.1865, 1086.9858, 1087.3794, 1087.4741,
 1090.8662, 1091.9033, 1095.5396, 1098.7595, 1102.1721, 1104.1445, 1109.4966, 1111.2554,
 1114.7437, 1114.7444, 1114.9971, 1115.3000, 1119.0024, 1119.7844, 1121.5518, 1122.8367,
 1125.6409, 1127.6982, 1131.4167, 1133.0430, 1134.4910, 1135.2771, 1135.8235, 1136.9019,
 1140.8521, 1142.4949, 1143.2754, 1146.1191, 1146.4436, 1147.6506, 1151.5386, 1151.9656,
 1151.9690, 1156.2610, 1159.5400, 1159.7290, 1160.5459, 1162.4507, 1163.3115, 1166.0049,
 1167.5061, 1170.4746, 1170.7043, 1170.9602, 1171.3281, 1173.2336, 1173.2512, 1174.0742,
 1175.8762, 1176.9453, 1180.1533, 1181.2458, 1185.5696, 1185.6541, 1189.3093, 1189.6785,
 1190.9768, 1193.2698, 1202.9221, 1203.2754, 1203.6865, 1204.9170, 1206.6138, 1207.1958,
 1207.7703, 1209.5242, 1209.5701, 1211.8049, 1222.4285, 1226.1648, 1226.6475, 1226.6936,
 1230.9177, 1232.0090, 1232.1699, 1232.3630, 1235.4312, 1237.9514, 1239.2588, 1241.6770,
 1242.8071, 1243.2908, 1244.4854, 1244.5757, 1245.6145, 1246.0120, 1246.1228, 1246.8020,
 1246.8186, 1249.6047, 1251.0811, 1251.8044, 1252.0811, 1254.6533, 1255.8315, 1258.1809,
 1258.3018, 1261.3274, 1269.7229, 1270.5437, 1270.6206, 1270.7878, 1271.3584, 1271.6384,
 1272.3633, 1273.3540, 1274.5276, 1280.4412, 1283.0334, 1283.6755, 1288.0222, 1288.8550,
 1290.2170, 1299.8416, 1300.3115, 1300.5720, 1303.7034, 1305.4517, 1308.3740, 1309.1978,
 1311.2812, 1311.7207, 1312.0862, 1314.9524, 1315.8333, 1323.5608, 1323.7717, 1324.1990,
 1325.4561, 1325.8960, 1328.3293, 1329.8938, 1332.1702, 1333.9282, 1336.0830, 1336.4917,
 1338.0190, 1341.9526, 1343.5750, 1343.8506, 1347.1624, 1347.3198, 1348.7012, 1352.6411,
 1354.9666, 1355.9094, 1358.7783, 1360.6763, 1361.5215, 1362.6267, 1364.0593, 1364.5190,
 1365.3213, 1367.5483, 1369.0798, 1370.0051, 1370.8274, 1375.4526, 1378.6130, 1378.6777,
 1380.2468, 1391.3579, 1393.4795, 1395.2090, 1396.9932, 1399.6167, 1401.6248, 1401.8777,
 1404.1841, 1406.6624, 1406.9956, 1410.9526, 1416.2681, 1418.7297, 1418.7346, 1419.5469,
