PProcess <- c(
  379.980,     462.150,     527.722,     589.106,     679.200,
 1281.589,    1936.376,    1978.485,    2005.724,    2046.084,
 2396.726,    3363.897,    3391.844,    3415.762,    3437.722,
 3574.983,    3944.206,    4343.578,    5012.513,    5183.430,
 5930.347,    5979.053,    6478.570,    7166.254,    7766.953,
 7770.460,    7880.454,    8053.839,    8228.121,    8832.647,
 9032.490,    9643.708,   10040.988,   10361.319,   11932.021,
12116.334,   12649.290,   12694.823,   13249.371,   13274.072,
14324.904,   14333.882,   14419.576,   14649.989,   15200.213,
15724.547,   15796.184,   15805.969,   15993.236,   16010.848,
16258.003,   16311.447,   16567.033,   17070.861,   17393.063,
17400.454,   17525.027,   17857.488,   18513.795,   18961.702,
19058.008,   19157.142,   19274.173,   19416.957,   19505.986,
19569.694,   19741.299,   19812.689,   19895.271,   20488.238,
20620.647,   20703.471 )
