SelfExcit <- c(
    272.6739,    282.5602,    339.9065,    419.6818,    862.1834,
    866.6168,    869.5747,    870.3443,    871.7524,    937.8785,
   1206.3261,   1272.7995,   1379.3114,   1481.7564,   1509.9438,
   1659.6235,   1800.5358,   1940.2253,   2139.1038,   2318.4523,
   2352.3400,   2468.7506,   2520.7135,   2660.5810,   3207.3084,
   3472.8729,   3511.3482,   3582.0356,   3848.4514,   4135.0959,
   4281.0841,   4283.6585,   4398.3266,   4428.7109,   4751.4774,
   4760.9588,   4761.3350,   4763.4121,   5082.5458,   5396.6240,
   6546.5279,   6928.6869,   7168.6774,   7171.9800,   7437.9988,
   7616.0934,   7769.2498,   8053.2219,   8112.0131,   8754.9038,
   8826.1917,   9107.2436,   9156.6006,   9289.6721,   9406.1020,
   9982.9271,  10049.3735,  10151.4869,  10157.0917,  10301.1230,
  10951.9318,  11171.5961,  11258.5063,  11555.7715,  11662.2838,
  11757.6595,  11946.1503,  12048.0252,  12211.8316,  12352.1273,
  12355.3586,  12456.3499,  12528.2750,  12666.9674,  12716.0327,
  12742.2817,  13019.3580,  13356.5566,  14320.2968,  14548.8018,
  14684.2861,  14684.9222,  15017.7849,  15325.1348,  15404.0746,
  15632.3565,  15867.6246,  16243.7871,  16246.7804,  16415.3337,
  17058.6953,  17061.3986,  17223.9447,  17914.0097,  18813.1841,
  19215.1800,  19346.0641,  19808.4848,  19924.3393 )
